500 1000
361
303
623
819
138
27
333
832
733
759
151
552
904
67
277
951
313
309
787
951
993
552
428
40
518
596
225
233
251
74
333
765
636
827
656
58
359
987
567
159
119
412
722
112
926
660
136
890
319
304
682
3
500
311
376
672
566
561
187
143
34
993
491
92
867
200
1
885
581
874
227
954
147
272
523
140
390
109
943
230
393
932
296
655
767
630
696
41
253
638
659
404
813
869
729
524
266
974
947
149
302
105
468
121
475
177
236
741
844
286
864
762
348
741
196
953
816
975
28
854
643
474
180
669
356
454
334
656
898
78
335
992
648
250
998
795
140
995
570
853
931
105
150
277
511
966
975
643
773
361
548
884
774
82
764
535
863
592
854
768
778
961
952
425
27
977
58
387
200
580
608
528
909
703
814
582
522
540
950
369
519
556
273
325
464
123
93
677
470
866
470
719
195
569
9
483
405
614
821
457
102
812
100
228
931
298
906
728
952
53
928
878
377
543
312
181
633
158
904
622
210
190
75
98
645
279
241
530
737
320
574
822
333
270
144
37
963
310
366
630
862
209
231
530
672
355
506
109
844
33
556
802
537
131
998
214
427
502
600
378
583
719
982
909
116
944
502
727
619
530
122
660
120
309
436
588
45
302
547
180
7
407
669
506
284
360
271
424
399
697
46
783
824
158
569
409
358
976
255
264
23
991
543
530
832
247
462
911
350
525
173
16
180
227
595
624
821
882
751
472
992
777
543
734
283
769
409
737
778
280
671
818
212
550
698
979
716
404
421
221
990
774
316
458
625
31
114
691
383
227
850
167
625
447
64
484
396
398
981
78
31
263
538
166
335
8
780
421
825
901
399
137
374
920
163
579
934
35
299
896
99
562
356
586
542
878
274
781
127
941
547
449
346
616
850
983
210
335
344
865
660
391
439
757
963
995
496
251
966
722
953
346
892
594
747
252
50
166
793
795
639
983
82
660
430
512
195
124
386
611
421
162
650
83
669
929
684
675
982
869
634
832
312
841
945
930
202
768
606
526
198
357
716
375
469
729
720
922
76
610
233
967
772
898
824
650
399
146
438
398
606
935
382
974
665
718
318
457
730
18
972
752
7
680
675
594
767
547
661
914
496
635
709
724
307
641
597
108
624
404
