1400 48
24
16
37
36
33
44
15
5
14
21
30
8
17
27
6
12
32
2
27
30
31
33
12
14
19
28
20
26
35
4
5
37
14
9
13
46
9
30
14
19
45
45
21
46
7
18
44
7
26
46
22
22
17
24
38
17
19
30
35
33
39
41
14
14
20
0
15
40
32
42
48
23
47
23
34
39
9
34
16
8
39
6
19
10
4
31
31
16
3
17
37
29
17
4
10
13
37
39
47
26
11
1
39
9
13
6
38
36
25
15
21
48
10
14
40
37
1
14
36
31
41
25
2
47
23
33
28
5
24
10
13
37
6
1
29
2
16
36
27
32
35
11
14
8
2
35
7
40
28
18
38
38
45
5
47
4
29
23
31
24
46
13
15
18
32
26
11
38
15
4
29
13
18
5
37
17
23
5
25
36
1
32
43
33
9
26
16
20
0
25
13
17
41
40
11
5
40
23
27
34
48
33
34
31
42
16
29
18
29
32
18
42
41
45
31
21
7
36
27
6
48
41
6
35
3
5
8
12
46
36
15
2
7
31
33
30
9
35
34
45
34
47
39
42
5
39
26
17
31
7
19
16
47
27
36
7
25
9
16
47
14
30
46
3
43
19
37
22
33
0
18
16
25
46
3
7
16
26
42
23
23
6
47
33
23
19
30
0
21
30
32
43
42
46
15
11
36
21
36
0
13
38
39
34
3
8
24
36
7
45
10
39
18
40
1
14
45
48
6
48
28
44
38
19
44
22
38
36
33
31
31
44
22
19
2
0
25
36
2
6
30
41
17
42
26
13
25
38
12
19
34
4
41
16
13
29
31
1
31
9
34
40
22
17
40
6
28
36
27
4
31
33
16
1
20
19
44
26
31
44
3
40
28
34
8
10
34
38
46
13
10
20
18
15
9
41
16
46
23
20
14
28
13
1
10
2
26
16
22
7
3
45
12
32
48
4
26
29
36
31
42
3
11
34
41
23
47
31
2
26
33
32
47
20
22
14
27
39
35
23
19
12
2
6
39
8
30
32
24
30
31
1
3
13
38
43
45
24
20
40
12
15
5
15
30
14
6
24
27
44
33
17
35
25
46
45
41
47
19
5
40
37
45
30
33
4
15
15
34
20
42
34
20
12
9
17
25
33
48
2
23
19
32
40
7
15
23
18
47
34
19
14
5
24
28
32
24
18
17
17
47
42
43
45
19
22
7
20
11
5
28
0
5
34
23
32
19
47
26
32
26
17
30
44
7
18
36
4
21
48
4
3
44
9
22
23
16
9
9
37
26
16
41
5
27
33
44
33
22
29
15
12
17
6
30
2
42
18
29
34
4
23
24
9
0
26
39
4
30
43
13
11
33
23
0
7
34
5
5
7
10
9
3
45
15
43
28
27
10
6
41
23
40
12
39
14
5
7
29
46
43
14
32
9
7
4
29
0
38
48
38
11
18
20
32
40
7
3
41
22
10
39
19
29
26
24
48
2
44
39
37
14
26
12
29
31
31
2
48
12
35
32
16
25
48
45
34
31
28
17
19
34
47
19
26
41
0
15
16
44
13
43
43
48
16
6
41
23
13
21
11
13
12
45
13
15
28
6
43
3
34
19
6
13
36
20
17
17
1
12
47
1
23
1
37
43
23
40
32
37
4
0
24
48
15
2
22
23
47
32
15
35
0
34
32
37
36
40
12
18
36
47
27
41
17
41
36
24
47
9
2
19
24
37
15
46
22
15
20
11
7
12
29
11
48
7
17
30
39
4
1
9
23
14
31
37
21
32
45
16
15
3
20
36
30
23
17
2
17
28
21
27
29
28
11
24
6
2
46
36
17
41
45
22
38
16
29
43
33
5
16
41
21
11
37
10
4
14
43
48
45
16
41
16
8
2
0
1
13
1
13
4
26
10
35
32
18
27
21
7
34
9
34
18
35
1
46
15
1
31
44
31
2
22
31
6
19
5
47
41
30
36
14
40
24
17
3
32
6
44
32
5
2
38
14
21
3
26
31
11
46
6
11
16
30
26
28
19
19
22
5
48
16
7
40
17
2
5
38
31
8
9
6
7
31
10
46
33
2
17
5
7
34
43
5
45
6
9
6
31
36
20
39
17
17
11
32
37
13
43
0
36
30
47
30
11
19
38
22
31
22
11
1
22
24
48
21
47
2
0
3
26
48
23
31
33
14
5
32
3
47
7
39
9
21
34
10
6
39
24
6
5
37
27
13
10
39
18
40
41
47
15
7
30
33
28
0
8
17
36
42
28
37
22
45
46
20
8
40
29
43
47
25
35
48
7
24
17
18
12
9
27
27
11
14
41
26
45
38
36
44
3
40
34
45
47
6
35
47
1
14
45
18
32
5
43
19
38
8
10
38
15
10
47
8
32
41
18
24
12
25
44
43
38
34
8
13
38
24
45
46
45
15
20
7
31
23
48
18
12
48
33
40
27
14
14
5
6
21
42
21
22
39
33
0
11
4
37
44
38
35
27
38
34
16
3
25
43
35
24
27
43
27
5
20
3
20
47
20
28
40
32
32
33
16
45
0
17
15
46
43
0
25
26
3
5
38
37
4
4
12
24
6
20
9
44
39
45
25
24
38
7
14
36
47
32
18
33
27
10
4
30
2
40
17
2
24
13
30
47
26
47
37
23
22
20
22
47
30
47
17
1
48
2
13
23
45
20
28
28
9
12
15
7
5
9
9
36
47
35
44
17
31
47
38
27
38
23
39
3
21
34
20
21
7
46
23
32
24
13
37
43
9
10
31
5
30
25
23
38
20
26
43
46
8
47
24
15
14
45
11
26
44
1
17
4
34
20
13
4
26
42
31
9
32
41
30
6
20
21
28
31
12
46
20
44
23
3
42
33
15
46
35
24
9
24
37
44
13
16
36
0
44
17
16
39
11
10
4
33
16
40
22
40
24
6
15
29
11
0
25
37
2
7
6
29
47
8
5
43
24
7
17
16
2
42
15
17
48
44
12
47
8
7
6
35
17
27
45
44
14
19
14
39
48
8
29
20
0
44
47
8
24
42
10
33
28
40
48
48
4
12
44
9
27
23
28
4
45
47
38
40
27
47
24
35
15
30
33
9
30
26
32
47
13
18
44
40
17
2
16
30
41
40
27
4
1
43
9
43
7
31
14
22
22
39
29
21
33
16
46
17
24
42
7
9
9
15
21
7
